31 34
7 17
10 34
13
28 34
22
9 34
19 33 34
29 34
15 34
34
17
26 32 33 34
21 34
8
12
14 34
18
6 11
27 30 34
30 34
33 34
11
24 33 34
4 14 34
32 34
2 18
16 33 34
25 26 32 33 34
20 34
5 11
1 8
3 29 32 33 34
23 34
9 34
28 34
18
15 34
29 34
4 8
1 8
7 17
10 34
14 34
17
5 7 17
32 33 34
25 32 34
2 22
31 33 34
24 30 33 34
22
8
12
19 34
21 33 34
11
30 33 34
34
27 30 33 34
16 33 34
26 32 34
13
23 34
20 34
33 34
3 14 34
6 11
4 13
15 34
7 17
10 34
33 34
9 33 34
32 34
13
19 33 34
24 30 34
23 33 34
28 34
8
27 34
29 32 34
3 14 34
26 32 34
20 34
21 33 34
30 33 34
1 2 4 14 34
25 28 34
6 7 17
17
5 7 17
14 34
22
12
16 34
18
11
2 4 8
34
31 33 34
13
2 22
27 30 34
10 34
15 34
17
21 34
3 14 34
4 8
24 33 34
32 33 34
22
1 20 34
12
18
16 33 34
9 33 34
31 34
19 34
20 34
5 7 17
30 34
34
28 34
8
23 34
25 26 32 33 34
11
29 32 33 34
33 34
26 32 33 34
14 34
7 17
6 7 17
21 33 34
9 34
15 34
10 34
17
6 11
27 30 33 34
31 33 34
20 34
2 14 34
30 34
4 13
16 34
23 34
14 34
19 34
11
33 34
5 7 17
24 26 32 34
34
26 32 34
12
29 34
1 22
7 17
25 26 32 33 34
32 33 34
18
13
22
8
3 28 34
28 34
14 34
22
5 7 17
3 28 34
26 32 34
25 28 34
11
1 32 34
27 34
31 34
4 13
12
28 34
21 33 34
32 33 34
15 33 34
10 34
9 34
16 34
18
20 34
29 32 34
19 33 34
33 34
34
23 34
13
8
2 31 34
24 28 34
6 11
30 34
17
7 17
4 14 34
5 7 17
26 32 33 34
2 22
1 9 33 34
14 34
30 34
33 34
18
16 33 34
9 33 34
19 33 34
24 33 34
11
13
29 34
28 34
17
21 34
22
10 34
7 17
8
6 17
20 34
25 32 33 34
23 34
34
3 29 34
12
32 33 34
31 33 34
27 30 34
15 34
26 32 33 34
30 34
18
23 33 34
24 34
22
33 34
13
28 34
19 33 34
12
27 30 33 34
34
32 33 34
25 32 34
16 34
29 32 33 34
9 34
31 34
14 34
4 8
1 6 7 17
3 10 34
7 17
21 34
6 11
17
5 7 17
11
2 22
15 33 34
8
20 34
10 34
4 14 34
21 34
29 34
23 33 34
16 33 34
15 34
33 34
26 32 34
18
20 34
9 34
24 33 34
30 34
3 14 34
22
27 34
17
28 34
7 17
19 33 34
12
6 11
1 11
10 34
32 33 34
8
34
11
13
5 11
25 28 34
31 33 34
2 8
14 34
13
14 34
12
31 33 34
15 33 34
27 34
1 6 11
10 34
16 33 34
30 34
21 34
28 34
2 4 14 34
9 34
11
18
7 17
25 32 34
6 7 17
23 34
19 34
29 34
3 8
17
4 14 34
8
22
34
5 7 17
20 34
33 34
24 26 32 33 34
26 32 33 34
32 34
